1.749924188000000140e+04
1.667478186000000278e+04
1.585032184000000416e+04
1.502586182000000554e+04
1.420140179999999236e+04
1.337694177999999374e+04
1.255248175999999512e+04
1.172802173999999650e+04
1.090356171999999788e+04
1.007910169999999925e+04
9.254641680000000633e+03
8.430181660000002012e+03
7.605721640000003390e+03
6.781261620000004768e+03
5.956801600000006147e+03
5.132341580000000249e+03
4.307881560000001627e+03
3.483421539999995730e+03
2.658961519999997108e+03
1.834501499999998487e+03
1.010041479999999865e+03
1.855814600000012433e+02
-6.388785599999973783e+02
-1.463338580000003276e+03
-2.287798600000001898e+03
-3.112258620000000519e+03
-3.936718639999999141e+03
-4.761178659999997762e+03
-5.585638680000003660e+03
-6.410098700000002282e+03
-7.234558720000000903e+03
-8.059018739999999525e+03
-8.883478759999998147e+03
-9.707938780000004044e+03
-1.053239880000000267e+04
-1.135685882000000129e+04
-1.218131883999999991e+04
-1.300577885999999853e+04
-1.383023888000000443e+04
-1.465469890000000305e+04
-1.547915892000000167e+04
-1.630361894000000029e+04
-1.712807895999999892e+04
-1.795253897999999754e+04
-1.877699900000000343e+04
-1.960145902000000206e+04
-2.042591904000000068e+04
-2.125037905999999930e+04
-2.207483907999999792e+04
-2.289929910000000382e+04
-2.372375912000000244e+04
-2.454821914000000106e+04
-2.537267915999999968e+04
-2.619713917999999830e+04
-2.702159919999999693e+04
-2.784605921999999919e+04
-2.867051924000000145e+04
-2.949497926000000007e+04
-3.031943927999999869e+04
-3.114389930000000095e+04
-3.196835931999999957e+04
-3.279281934000000183e+04
-3.361727936000000045e+04
-3.444173937999999907e+04
-3.526619939999999769e+04
-3.609065941999999632e+04
-3.691511944000000221e+04
-3.773957946000000084e+04
-3.856403947999999946e+04
-3.938849950000000536e+04
-4.021295952000000398e+04
-4.103741954000000260e+04
-4.186187956000000122e+04
-4.268633957999999984e+04
-4.351079959999999846e+04
-4.433525961999999708e+04
-4.515971963999999571e+04
-4.598417966000000160e+04
-4.680863968000000023e+04
-4.763309969999999885e+04
-4.845755972000000475e+04
-4.928201974000000337e+04
-5.010647976000000199e+04
-5.093093978000000061e+04
-5.175539979999999923e+04
-5.257985981999999785e+04
-5.340431983999999647e+04
-5.422877986000000237e+04
-5.505323988000000099e+04
-5.587769989999999962e+04
-5.670215991999999824e+04
-5.752661993999999686e+04
-5.835107996000000276e+04
-5.917553998000000138e+04
-6.000000000000000000e+04
-6.082446001999999862e+04
-6.164892003999999724e+04
-6.247338006000000314e+04
-6.329784008000000176e+04
-6.412230010000000038e+04
-6.494676011999999901e+04
-6.577122014000000490e+04
-6.659568016000000353e+04
-6.742014018000000215e+04
-6.824460020000000077e+04
-6.906906021999999939e+04
-6.989352023999999801e+04
-7.071798025999999663e+04
-7.154244027999999525e+04
-7.236690029999999388e+04
-7.319136032000000705e+04
-7.401582034000000567e+04
-7.484028036000000429e+04
-7.566474038000000292e+04
-7.648920040000000154e+04
-7.731366042000000016e+04
-7.813812043999999878e+04
-7.896258045999999740e+04
-7.978704047999999602e+04
-8.061150049999999464e+04
-8.143596051999999327e+04
-8.226042053999999189e+04
-8.308488055999999051e+04
-8.390934058000000368e+04
-8.473380060000000231e+04
-8.555826062000000093e+04
-8.638272063999999955e+04
-8.720718065999999817e+04
-8.803164067999999679e+04
-8.885610069999999541e+04
-8.968056072000000859e+04
-9.050502074000000721e+04
-9.132948076000000583e+04
-9.215394078000000445e+04
-9.297840080000000307e+04
-9.380286082000000170e+04
-9.462732084000000032e+04
-9.545178085999999894e+04
-9.627624087999999756e+04
-9.710070089999999618e+04
-9.792516091999999480e+04
-9.874962093999999342e+04
-9.957408095999999205e+04
-1.003985409799999907e+05
-1.012230009999999893e+05
-1.020474610200000025e+05
-1.028719210400000011e+05
-1.036963810599999997e+05
-1.045208410799999983e+05
-1.053453010999999969e+05
-1.061697611199999956e+05
-1.069942211400000087e+05
-1.078186811600000074e+05
-1.086431411800000060e+05
-1.094676012000000046e+05
-1.102920612200000032e+05
-1.111165212400000019e+05
-1.119409812600000005e+05
-1.127654412799999991e+05
-1.135899012999999977e+05
-1.144143613199999963e+05
-1.152388213399999950e+05
-1.160632813599999936e+05
-1.168877413799999922e+05
-1.177122013999999908e+05
-1.185366614199999894e+05
-1.193611214400000026e+05
-1.201855814600000012e+05
-1.210100414799999999e+05
-1.218345014999999985e+05
-1.226589615199999971e+05
-1.234834215399999957e+05
